649956
5695260
9771172
11944060
12800340
12800340
17670152
20916468
26266660
26266660
28720068
28720068
28720068
34323540
34627716
34627716
39981268
40463652
42533844
42818180
45943244
47568932
49621844
51987412
53387668
54366884
56760292
58651300
58962148
58962148
58962148
63313124
63466100
63466100
63466100
69356788
69392392
70486916
71007220
71533916
71777700
72002516
72989300
73539124
75161092
75854452
76154932
76154932
84292980
84292980
85425076
87269372
89394900
90368516
91859684
92015332
96132436
96259572
96259572
99600596
110974132
111019556
112559828
112559828
115265332
118422228
118906196
125899436
128109332
128109332
129306644
134166372
134715108
135590740
135590740
135590740
135590740
142141476
142141476
142141476
142141476
142141476
146671908
147274876
149433204
150246036
152057284
152057284
156878732
160569220
162153588
162153588
164888244
165815124
166959252
170052628
170052628
170052628
181987988
183414148
184172596
186780516
187456276
188117108
188323108
189853188
190172084
191351244
194420292
195043204
195466924
195466924
196750772
197429684
197429684
206173092
206639556
209296660
209296660
209296660
209296660
209296660
221187908
221187908
223219668
226240020
226240020
229527972
229995796
229995796
234054468
235433268
239950620
239950620
243851044
246020436
247676644
247899476
249259204
250121796
250968676
252274532
256083780
256155668
256459844
258443500
260775260
262098836
262577524
263517316
267021652
267533892
267740228
267754212
267754212
270223368
272535492
273345884
275965604
276397492
278639812
279464372
281734084
281734084
288480940
288480940
297372436
298645188
298645188
303136004
303525140
304776788
307352628
307352628
308839780
308839780
314000868
314000868
314773764
318242308
329556764
329556764
331720820
341056852
341082164
343024068
343237028
343894932
343894932
346839140
347978452
347978452
348861876
351263652
351464132
352552284
353838836
353838836
362722820
363922740
365168004
368635204
369021092
370737316
370737316
371308540
371547860
372153236
373650996
375561268
377166740
377304852
378743804
380856868
385743084
386376964
386745004
392385204
396501252
398567284
400817364
402663668
403409220
403409220
403409220
407910196
407910196
407910196
411453748
411453748
413159972
413271268
413521812
414033156
416358408
416358408
419910628
421260820
422657140
422657140
422657140
431127428
432089892
434452180
439319764
439319764
443957028
445432452
445439604
445439604
448142004
452209684
453226132
453226132
453226132
459669316
463384180
464515540
466684812
468066764
469115316
470077332
471495524
471495524
472852868
473504596
473504596
475610460
475930372
476211332
477040484
477792116
480666244
481651836
481695236
485308548
485308548
486499684
490563460
492613460
494111348
496425188
497275564
500092468
508839148
509886804
510293796
512971100
513259364
513259364
519656132
521608372
522791260
523461068
524093844
524093844
525185364
525185364
525185364
529594468
529988324
533693668
533693668
533693668
540569700
542183492
542183492
546329372
546329372
553580004
558870876
560658500
564579956
564605052
564834052
564891476
569660076
569764740
570179244
572337172
572709460
572709460
577292860
577715436
578062276
578639716
580128276
580744996
586228212
586228212
587544020
587544020
591164708
592232444
592232444
592232444
592232444
600418148
601095812
601470932
603881364
604371732
605244540
605990868
605990868
607353044
607353044
611898516
612467764
614345164
615374740
616047236
616568692
617066804
617066804
617972452
618395268
622715340
623161268
624661604
625553716
625553716
628686804
628686804
635982212
639436836
640058036
640160676
642268788
645219324
646476148
646508772
646508772
647446404
649418964
650988540
653166356
653717428
657198428
657224660
659201596
660035244
662041140
662700724
662905156
664011492
665923124
666202980
667738900
669581412
670369604
671598148
673298804
673298804
675630540
676644980
679677444
680957960
684295892
684854044
689271860
689567076
689567076
691102844
691102844
691778452
692015668
692015668
693260036
693260036
697148756
699760756
701540420
703575948
703827412
705899068
707874788
708926596
709196684
709215524
709449716
712348436
714767188
714805892
716394900
718257948
722210628
727512072
729694372
730992836
732746804
733173892
734053220
737027236
737027236
742082108
744617444
749653812
749653812
750450964
750645636
752345620
752758564
752758564
756209012
756841668
759881668
759881668
761152500
761152500
764515748
764627620
768848500
768848500
769778740
780472980
780838788
782718308
785898900
789289348
791066632
